0.000000000000000000e+00 2.807547494232660035e-01 5.141725450388350688e-02 7.242691479945316535e-02 -1.303304256688475084e-02 6.731527114658123444e-03 -2.797722711856934392e-03 2.656857841334715753e-04 1.113274714322282132e-03 3.843386816512604125e-04
1.000000000000000056e-01 7.842072102349030571e-02 6.068418724064651715e-02 7.706588951604959048e-02 -2.541248749375981698e-03 -1.902869869252678953e-02 -1.112854888398356716e-02 -6.584458390239294502e-03 -1.075951926557756552e-02 -7.943034527703127581e-03
2.000000000000000111e-01 2.168746023410040580e-01 -7.382173725833690581e-02 -5.212014263614087040e-02 -3.884782143020949763e-02 -1.520728126241513434e-02 -1.462897079598329472e-02 -7.867612962139891586e-03 -1.568124134941021111e-02 -1.700221346742691875e-02
3.000000000000000444e-01 4.229586640756009819e-02 -7.252974010966423135e-02 1.694596434921731565e-02 -2.237577683815489271e-02 -1.562594017973466948e-02 -2.217812329711148917e-02 -2.389044203439366632e-02 -1.907738984965775056e-02 -1.924070083147683824e-02
4.000000000000000222e-01 1.057878488735661399e-01 1.443234923067327966e-02 -9.279346768497717668e-03 -4.663488089741557596e-02 -3.812135539763150671e-02 -2.526155766684892029e-02 -2.558085367870066573e-02 -1.887407894389977678e-02 -2.038463634838101612e-02
5.000000000000000000e-01 -5.592597215914573913e-03 -9.515266231756769333e-02 -6.921774104281185058e-02 -2.382722365254587998e-02 -1.309712286301584552e-02 -2.378858014862967468e-02 -1.918614776351211873e-02 -2.211904775980806648e-02 -2.002208992247800010e-02
6.000000000000000888e-01 2.282632767090043979e-02 -1.545977197219814032e-02 9.562264813328293089e-02 -3.690049329275484763e-02 -2.349276399005342450e-02 -2.182734693787435204e-02 -1.388285764463461844e-02 -1.644752567905329380e-02 -1.731248993067141181e-02
7.000000000000000666e-01 8.959776509954722745e-02 -3.887381335991222514e-02 4.066403215411306532e-02 -4.231030947759613185e-03 -1.085219352458990233e-02 -1.718357468235430854e-02 -6.462685511816363727e-03 -1.339674468475325619e-02 -1.252436308249137500e-02
8.000000000000000444e-01 2.183875864804732392e-01 -2.468824656391822078e-03 2.995341081948999992e-03 -3.607039043267894207e-02 -3.004046307533599081e-04 -3.520219243779481189e-03 -6.253316566147542992e-03 -1.502513402203263342e-03 -4.145826829348418958e-03
9.000000000000000222e-01 -2.085029959840417613e-02 9.016951792521897546e-03 1.175661415288643992e-02 1.130591799564963518e-03 1.796440582663623442e-02 1.535815694466473834e-02 7.715457880032679759e-03 4.428596075676981964e-03 4.407476884533222290e-03
1.000000000000000000e+00 -3.330776589291613993e-02 2.847451649325943857e-02 5.596526808951387405e-02 -3.550066080294712878e-03 1.526931065690038600e-02 1.698066681008518486e-02 1.412836919656646970e-02 1.482821866182254533e-02 1.562635959058038607e-02
1.100000000000000089e+00 -5.852872809661985309e-03 6.962605350949585548e-02 4.266378591711202095e-02 1.056062205911203339e-02 3.516990225722137903e-02 2.515256750332999988e-02 3.128528189752984717e-02 2.893447033225785350e-02 2.811996357945684144e-02
1.200000000000000178e+00 -1.639158972318124352e-01 -4.791750649941953211e-02 2.181780641132808132e-02 5.360415395790047582e-02 5.592112529340610011e-02 3.967179252175989657e-02 4.307595503761415395e-02 4.527966133440620988e-02 4.187165043613456927e-02
1.300000000000000044e+00 -6.411791641172244482e-02 7.480070398060185977e-02 1.111714902193754878e-01 4.846989977690539797e-02 5.752919480362524152e-02 5.973435452289391212e-02 5.470737738522274407e-02 5.764324677194602314e-02 5.503673841361959862e-02
1.400000000000000133e+00 -1.854509962533905376e-02 1.472042180153053936e-01 6.432052824993632345e-02 5.747384669431630094e-02 5.074290652136537183e-02 6.869184785183918285e-02 7.097758401267591222e-02 7.022812600288480533e-02 7.127247102493773634e-02
1.500000000000000000e+00 5.548293903791640114e-02 4.539191530950212328e-02 5.915592062154102077e-02 9.176291187744456401e-02 8.527496598128517236e-02 9.438166170426905144e-02 8.981448932392019358e-02 8.696119835720286795e-02 8.743370112822619611e-02
1.600000000000000089e+00 -1.381821702292396203e-02 1.297891399991053518e-01 7.409857520258339436e-02 1.019237835871395215e-01 1.031686366396662724e-01 1.086071354581042842e-01 1.052127137165346088e-01 1.037587554217429403e-01 1.011971054170070633e-01
1.700000000000000178e+00 -8.089903546013882396e-02 1.322674469143171605e-01 1.639914435997324449e-01 9.141293501481755068e-02 1.254823712307996386e-01 1.166257123174426202e-01 1.163675870857964340e-01 1.171663212195097753e-01 1.170166199256725825e-01
1.800000000000000044e+00 1.079052593474531530e-01 9.169823367409993264e-02 1.856135547409407116e-01 1.514215543885982507e-01 1.377334512092060481e-01 1.301148612418537021e-01 1.334066337639496225e-01 1.319802663179980295e-01 1.315035039709066822e-01
1.900000000000000133e+00 1.692008763995280496e-01 1.061642210005530884e-01 1.330833948623215413e-01 1.252063847138077946e-01 1.290327522129506022e-01 1.525574996008651207e-01 1.507927189115337019e-01 1.455036678860832378e-01 1.467690727333359479e-01
2.000000000000000000e+00 2.458405570688845243e-01 9.329123744232187265e-02 1.343342165173812830e-01 1.578793670653111936e-01 1.492910945903099251e-01 1.671976048514907665e-01 1.625787879564183636e-01 1.601614449270817031e-01 1.617892484751072557e-01
2.100000000000000089e+00 3.497328490162205927e-01 2.568921239683729096e-01 1.326321856368434804e-01 1.849005956830168940e-01 1.699121734109455273e-01 1.772446960052576626e-01 1.755932415544157743e-01 1.772711796392296701e-01 1.724378798940160162e-01
2.200000000000000178e+00 2.653368724048664751e-01 1.717464086967982473e-01 1.478887663841652600e-01 1.868551362103442748e-01 1.703984515323644366e-01 1.789766501604968252e-01 1.839791267397740959e-01 1.835612778576360682e-01 1.859507811522474741e-01
2.300000000000000266e+00 5.196386593666671438e-02 1.634950542087282854e-01 1.647191070201400875e-01 1.843673122643027795e-01 1.898721617614161639e-01 1.928945383692744209e-01 1.924513173229332186e-01 1.909633029252142677e-01 1.938309774087289272e-01
2.400000000000000355e+00 1.615406941760773873e-01 1.441951066312306962e-01 2.486497014359363433e-01 1.749803181804241992e-01 1.883091739613425575e-01 2.062151243985484439e-01 1.967363637194690096e-01 1.994389737772848392e-01 2.017929708724338356e-01
2.500000000000000000e+00 1.763821494215552788e-01 1.921443500362410017e-01 2.213728871114046537e-01 2.170652693201193806e-01 2.141376768752967508e-01 2.027554567406158748e-01 2.083555064651031186e-01 2.043867861311682022e-01 2.049492881707782044e-01
2.600000000000000089e+00 -5.659950239429972774e-02 2.297097082286843617e-01 2.184805945589958498e-01 1.899307611451732658e-01 2.135091868342038346e-01 2.166483912884233920e-01 2.102985899213931920e-01 2.064933587728737530e-01 2.099220160005401681e-01
2.700000000000000178e+00 2.373710632165600409e-01 2.896076177786827688e-01 2.950973277762746205e-01 1.871751884519398390e-01 2.027365059565606198e-01 2.128252958438408005e-01 2.069148336010581679e-01 2.092750874028134755e-01 2.095863842534274324e-01
2.800000000000000266e+00 2.945981679347665638e-01 9.754110774305532749e-02 2.879707245443033359e-01 1.984591783538963705e-01 2.011658652685584248e-01 2.036724715242464179e-01 2.066009712144593058e-01 2.070828703717310371e-01 2.073615532713068976e-01
2.900000000000000355e+00 2.508607199187832260e-01 1.921904899943218947e-01 1.976366552894057438e-01 2.000809411481910549e-01 2.088298424772459527e-01 2.102192281140302099e-01 2.045306598898916639e-01 2.037900932486831351e-01 2.029584541603133285e-01
3.000000000000000000e+00 3.291731092080175669e-01 1.191493911207958944e-01 1.556801606246529801e-01 1.680145750462798959e-01 2.051390081686088052e-01 2.018118793336485528e-01 1.935702386451174650e-01 1.940339653587748736e-01 1.958481966552066689e-01
3.100000000000000089e+00 2.011285175412806103e-01 1.884586753219682498e-01 2.099624089284886086e-01 2.172032168523526652e-01 1.773412417130982577e-01 1.777019449470840229e-01 1.826931119863885455e-01 1.830107155858210488e-01 1.855411519679189547e-01
3.200000000000000178e+00 2.316265821907939615e-01 1.025004141002560931e-01 1.912951842540104863e-01 1.824864482643542840e-01 1.829547295617305336e-01 1.679749397234023278e-01 1.717448072837301498e-01 1.699599521061706531e-01 1.704119360633675195e-01
3.300000000000000266e+00 2.249027471540358536e-01 5.051041161033728577e-02 1.299318427040375978e-01 1.630457931862089316e-01 1.513127510334587866e-01 1.518353555978596559e-01 1.560284357671050670e-01 1.526945623187207224e-01 1.540717484355378641e-01
3.400000000000000355e+00 9.745564208659213135e-03 3.247210030411932236e-01 1.328768722401738600e-01 1.407469682118875354e-01 1.400072748991088023e-01 1.353551556083062435e-01 1.351699199805488083e-01 1.369769917172875273e-01 1.341419585887695110e-01
3.500000000000000000e+00 1.477313006172357168e-01 1.515977227892723322e-01 1.311541254827822411e-01 1.284109917977151738e-01 1.084737141386965392e-01 1.241923324812936463e-01 1.190438169112109229e-01 1.139075348094508028e-01 1.134420307744113260e-01
3.600000000000000089e+00 -4.318594015573695710e-02 1.271279092559060020e-01 1.138672549918232496e-01 7.589812594127000323e-02 7.763629824431278470e-02 9.551502351015933590e-02 8.791801944651532474e-02 9.006834316876212443e-02 8.926652156990190490e-02
3.700000000000000178e+00 9.425492221581135976e-02 1.896024991992255326e-02 5.586917754059832208e-02 9.218311871246569200e-02 6.372262945462513206e-02 6.083364568096442937e-02 5.977925320888362315e-02 5.987996105437443095e-02 6.228086477185458547e-02
3.800000000000000266e+00 1.405167716538891498e-01 2.460607665278454620e-02 1.459797536164608722e-02 3.512910914155442654e-02 3.418348683769165119e-02 2.883777742768725560e-02 2.530164578736042794e-02 3.101041998776044722e-02 3.038923242572716052e-02
3.900000000000000355e+00 2.122122578275778271e-01 -6.804440249052100265e-02 -8.347681209070041686e-03 -6.324090346267409804e-03 -1.340351569162026753e-02 -1.249851590782841441e-03 -2.868935810353359910e-03 -3.248499049517127556e-03 -2.230193233268938126e-03
4.000000000000000000e+00 -8.645342919889775768e-02 -2.832053191272778173e-02 1.051619360235266087e-02 -4.094100154438966299e-02 -3.703145630191955612e-02 -3.023110567722365333e-02 -3.840245708004661612e-02 -3.513588784722890962e-02 -3.881182455186827501e-02
4.100000000000000533e+00 -1.448625241520955509e-01 -1.385158772937656879e-01 -6.873973526990122263e-02 -5.969678367840300370e-02 -9.004386888811903578e-02 -7.045191858784136119e-02 -8.113414918504086026e-02 -7.647686862543763564e-02 -7.409586057377852419e-02
4.200000000000000178e+00 -2.068353143123158322e-02 -1.052855489046721493e-01 -3.559252458503810168e-02 -1.065565900479819583e-01 -1.369739104268992702e-01 -1.136027628089779501e-01 -1.122418082390678196e-01 -1.173623986144545078e-01 -1.143028501243884554e-01
4.299999999999999822e+00 -1.696866390671296076e-01 -1.143959986418685570e-01 -1.490055270635798623e-01 -1.497230138316035797e-01 -1.551489824271703455e-01 -1.578320552005411936e-01 -1.559930761203016103e-01 -1.540537412745047463e-01 -1.582683815414049067e-01
4.400000000000000355e+00 -3.642045198324345701e-01 -2.770064592153122507e-01 -2.429132963706842063e-01 -1.950599481666865087e-01 -2.074746471392139857e-01 -2.044004719070796061e-01 -1.946152885182887704e-01 -2.000052888704915433e-01 -2.004728774496268018e-01
4.500000000000000000e+00 -4.609921987693338385e-02 -2.595678127626588894e-01 -2.558828790969990830e-01 -2.388093970350374795e-01 -2.391500417730086647e-01 -2.360672058109015148e-01 -2.441029704439267589e-01 -2.433520997050448442e-01 -2.442550443870502019e-01
4.600000000000000533e+00 -2.034679953803081864e-01 -3.450540724673341053e-01 -2.907490347329786395e-01 -2.393045659369721079e-01 -3.012242333574557396e-01 -2.897380923215963078e-01 -2.842150946549153456e-01 -2.890807576266297696e-01 -2.891440615570344264e-01
4.700000000000000178e+00 -2.908552544642830640e-01 -2.820454591571597280e-01 -3.001945583006514484e-01 -3.400365764045056860e-01 -3.334547597211366399e-01 -3.449478249982384503e-01 -3.357782389976617377e-01 -3.352226223100379654e-01 -3.337127003370159994e-01
4.800000000000000711e+00 -4.228166573611013557e-01 -3.377587489992449621e-01 -4.342941439237448797e-01 -3.749109438019705420e-01 -3.730260574461769507e-01 -3.903780824564591079e-01 -3.817274673832517506e-01 -3.847028132737665973e-01 -3.815671950326302020e-01
4.900000000000000355e+00 -6.392512815513547997e-01 -4.012992857538307812e-01 -3.975798170766018380e-01 -4.134876657282322010e-01 -4.456130670768272406e-01 -4.289854917873197060e-01 -4.281730651573321667e-01 -4.305132442775144730e-01 -4.303965116231578403e-01
5.000000000000000000e+00 -6.053138297752564956e-01 -4.110289005067946366e-01 -3.748690491017028226e-01 -4.981722551893257855e-01 -4.781254893387832938e-01 -4.719275253844757989e-01 -4.693589934383602391e-01 -4.750185703226922906e-01 -4.755525557492627509e-01
5.100000000000000533e+00 -3.853394886132361918e-01 -5.767326865812126835e-01 -4.881403625159532189e-01 -5.506925603931319690e-01 -5.270759059233944832e-01 -5.236871429303722181e-01 -5.226860612959524088e-01 -5.209603592606389943e-01 -5.226472650027033096e-01
5.200000000000000178e+00 -6.787240974096981905e-01 -5.901695015608439121e-01 -5.609738302336981786e-01 -5.846772277877430035e-01 -5.705242013873036422e-01 -5.817415334119522274e-01 -5.709583636041261068e-01 -5.704230350864365473e-01 -5.698099922804719109e-01
5.300000000000000711e+00 -5.930633045826216865e-01 -6.830932601556446437e-01 -6.303195862949756423e-01 -5.987971685951648526e-01 -6.172988583799871032e-01 -6.210677546678267102e-01 -6.155668883006247816e-01 -6.140611884685287514e-01 -6.139038900971864887e-01
5.400000000000000355e+00 -6.840140378535418675e-01 -6.469189597450731855e-01 -6.303451012724592406e-01 -6.529544874045758451e-01 -6.611392156112320118e-01 -6.586540489064139914e-01 -6.562815203400550468e-01 -6.610422844302314971e-01 -6.579270326688183568e-01
5.500000000000000000e+00 -7.195572376928446312e-01 -7.192599607931575711e-01 -7.100156800132501056e-01 -6.872283574718245358e-01 -7.165431109740435511e-01 -7.088769083275324734e-01 -7.006953570065025394e-01 -6.980862496072374190e-01 -7.009308456479562688e-01
5.600000000000000533e+00 -8.536710567210987755e-01 -7.454348340549100671e-01 -7.133399952183727688e-01 -7.132236107046060480e-01 -7.465534686724093483e-01 -7.524003508604493184e-01 -7.446051374279201163e-01 -7.416204469408762545e-01 -7.414417588582866703e-01
5.700000000000000178e+00 -6.853631148193902733e-01 -7.278942128794543276e-01 -7.758501743957698649e-01 -7.726794255457446470e-01 -7.809773310997106810e-01 -7.885556790745581468e-01 -7.827247466594768888e-01 -7.790732096489821901e-01 -7.803935618073848390e-01
5.800000000000000711e+00 -7.984331063058764943e-01 -8.365757229597077238e-01 -8.533134905582596685e-01 -8.190198008323894552e-01 -8.247213698808885107e-01 -8.148599427233857995e-01 -8.187569095422246868e-01 -8.186343443860374380e-01 -8.178901548878065864e-01
5.900000000000000355e+00 -8.432892143211949687e-01 -9.170397659026248149e-01 -8.563558654724676700e-01 -8.515886955349902809e-01 -8.792185183422830397e-01 -8.550301065501995090e-01 -8.546741380207716343e-01 -8.498355172930078805e-01 -8.536162295648088705e-01
6.000000000000000000e+00 -8.392258376388656016e-01 -9.186834140331494591e-01 -8.559422235065420326e-01 -8.967378016226060788e-01 -8.711328519902904466e-01 -8.756049078298080435e-01 -8.851666660002566189e-01 -8.854498891042176245e-01 -8.839303555619932862e-01
6.100000000000000533e+00 -7.281971620928938682e-01 -9.439246166351706879e-01 -8.878090183322955298e-01 -9.167535069697190231e-01 -9.129574845751284862e-01 -9.261928097517431180e-01 -9.192991467071172096e-01 -9.162169913860747084e-01 -9.137219406684832235e-01
6.200000000000000178e+00 -9.845194746993151114e-01 -9.400305848706717038e-01 -9.521242124898788850e-01 -9.336574234522734272e-01 -9.341175256894947987e-01 -9.382723968368925638e-01 -9.422935547399132750e-01 -9.413673882460688036e-01 -9.412239424624950779e-01
6.300000000000000711e+00 -8.678282208110866813e-01 -1.018146862429881061e+00 -1.017114648917602171e+00 -9.497127252484276472e-01 -9.468993523531816781e-01 -9.570805829344112281e-01 -9.604832210962895855e-01 -9.652130745044614768e-01 -9.647733386203841688e-01
6.400000000000000355e+00 -1.001282555722337930e+00 -9.588100269624608707e-01 -1.047587039499678019e+00 -9.940700424799144841e-01 -9.989850479058651755e-01 -9.914073647182443105e-01 -9.917626273566795270e-01 -9.871703169312335824e-01 -9.851289092372856881e-01
6.500000000000000000e+00 -1.157703278064926788e+00 -1.064904326662229783e+00 -8.805136748893303000e-01 -9.846292617416965154e-01 -1.005878809497095849e+00 -9.983728632655319846e-01 -1.007597674247278752e+00 -1.008118484456274055e+00 -1.005409706922763435e+00
6.600000000000000533e+00 -1.097779209438613401e+00 -1.034883941007129105e+00 -1.019711343355330202e+00 -1.026361685534026291e+00 -1.015450553746629625e+00 -1.010222210348935556e+00 -1.019555941307220603e+00 -1.019239683523835094e+00 -1.020887451255680256e+00
6.700000000000000178e+00 -1.116031520640668129e+00 -1.149491410035026862e+00 -1.005033925396516814e+00 -1.046636829072179031e+00 -1.027971088475504668e+00 -1.029050036273015722e+00 -1.032827007210746606e+00 -1.028592962186409165e+00 -1.032100765040229629e+00
6.800000000000000711e+00 -9.999544214083095905e-01 -1.087298491358189123e+00 -1.030438147206760302e+00 -1.036109716219836274e+00 -1.032079860451696085e+00 -1.036207027414653092e+00 -1.047442383910240471e+00 -1.036661370443409780e+00 -1.040325093321052607e+00
6.900000000000000355e+00 -1.064977731743350864e+00 -9.773707142798203629e-01 -1.056683296563724062e+00 -1.061376659087845953e+00 -1.048808367424897581e+00 -1.038964320002783825e+00 -1.054129320246145474e+00 -1.049956833958718416e+00 -1.049102227254514075e+00
7.000000000000000000e+00 -1.176814344393608547e+00 -1.107633341617344058e+00 -9.730936908555524179e-01 -1.026287748642615627e+00 -1.057101206568076268e+00 -1.053934267139488679e+00 -1.050540286414090918e+00 -1.048432287735199253e+00 -1.052501379532460701e+00
7.100000000000000533e+00 -1.063189941576290209e+00 -1.070534508497977821e+00 -1.008276227515805035e+00 -1.045899930624730079e+00 -1.053729009091677993e+00 -1.052479928180016344e+00 -1.054554902968640073e+00 -1.052299414573696135e+00 -1.052204492984106343e+00
7.200000000000000178e+00 -1.084328268815228036e+00 -1.040886854202762724e+00 -1.037032693573440412e+00 -1.062310187383442406e+00 -1.066670513349904148e+00 -1.048641646228911206e+00 -1.051089605861531551e+00 -1.046442842529845318e+00 -1.050797737183824410e+00
7.300000000000000711e+00 -1.169275924960221369e+00 -1.069092448780730509e+00 -1.058466926507668271e+00 -1.046598039205741459e+00 -1.039219425885607784e+00 -1.043290324773952893e+00 -1.047836825946256045e+00 -1.048469377377190481e+00 -1.046446296206691384e+00
7.400000000000000355e+00 -1.007581985100806987e+00 -9.733972802694838000e-01 -1.015295568524349878e+00 -1.038798184600976837e+00 -1.039219519976513073e+00 -1.039532454894714908e+00 -1.040572166393000764e+00 -1.039016420794907081e+00 -1.038603411179507052e+00
7.500000000000000000e+00 -1.039991204511457212e+00 -9.870500524048319013e-01 -1.066374110316377966e+00 -1.009851281763443298e+00 -1.021874692613144564e+00 -1.034798554426548556e+00 -1.029660590697430544e+00 -1.029738264542019666e+00 -1.030457137894384534e+00
7.600000000000000533e+00 -1.181717845787698229e+00 -1.009771602170389082e+00 -9.793350232676905076e-01 -1.038343299221258675e+00 -1.034785300754275994e+00 -1.025278209838224264e+00 -1.019176526783909242e+00 -1.020027042090031921e+00 -1.019182445295596207e+00
7.700000000000000178e+00 -9.848961842780791232e-01 -1.065004628153413790e+00 -1.070604213348459233e+00 -9.953290960264676857e-01 -1.004472065755432464e+00 -1.005098969645711771e+00 -1.005736219327014958e+00 -1.004593323971966656e+00 -1.005625590053968788e+00
7.800000000000000711e+00 -9.031705368620335239e-01 -8.755598676498954624e-01 -1.037613741935260236e+00 -9.816594095630947203e-01 -1.011983793432924550e+00 -9.874771094164380703e-01 -9.900792106205088539e-01 -9.881826430530123995e-01 -9.916858998345835507e-01
7.900000000000000355e+00 -1.188049506506096309e+00 -9.745360551837507490e-01 -9.866732867435192844e-01 -9.747112213730193542e-01 -9.576173286680760288e-01 -9.745205549391467992e-01 -9.758579870189744154e-01 -9.729848973838728377e-01 -9.759612982487458899e-01
8.000000000000000000e+00 -1.001655235829392865e+00 -9.532756391375116767e-01 -9.808073952254691141e-01 -9.735816525857218240e-01 -9.472837725868076264e-01 -9.682787006764799198e-01 -9.525846361997496459e-01 -9.563205645743979577e-01 -9.583954163235899326e-01
8.099999999999999645e+00 -8.623999830338361372e-01 -1.063371583098752460e+00 -9.912456392929201998e-01 -9.027419866242544222e-01 -9.404250546937086286e-01 -9.430658751410889717e-01 -9.388302457133503864e-01 -9.396878261885340811e-01 -9.392950522170614436e-01
8.200000000000001066e+00 -9.369407943599925570e-01 -8.638649008339197577e-01 -9.316125862502562249e-01 -8.988049071409656143e-01 -9.250961948549883962e-01 -9.192539325769385483e-01 -9.193778818343176784e-01 -9.276223042824158771e-01 -9.229313042008733259e-01
8.300000000000000711e+00 -1.014314602270297128e+00 -9.361659570018299181e-01 -8.353888700318208294e-01 -8.748742451141193754e-01 -9.101969552941081565e-01 -8.989793391566610614e-01 -9.070637320627079614e-01 -9.032656563819243534e-01 -9.050146112353607553e-01
8.400000000000000355e+00 -9.647392621583099626e-01 -9.302886256238687146e-01 -8.415773643869354226e-01 -9.069776886518969850e-01 -8.808781014724965663e-01 -8.884930593002421384e-01 -8.847203241594069345e-01 -8.846359015396715320e-01 -8.859112673857868492e-01
8.500000000000000000e+00 -5.896665115109912536e-01 -9.262660018166927189e-01 -8.426983975689351647e-01 -8.615238400006517416e-01 -8.665912376169285780e-01 -8.737177690202394542e-01 -8.686111983128439462e-01 -8.714557255867493302e-01 -8.696769077303673212e-01
8.599999999999999645e+00 -8.326335828600361921e-01 -8.073646147242701243e-01 -8.539907938629479611e-01 -8.415386830121430739e-01 -8.545938338126698453e-01 -8.468999798468226370e-01 -8.506650319258206583e-01 -8.531351347559386067e-01 -8.513672071812571351e-01
8.700000000000001066e+00 -9.479920166816175886e-01 -8.525024412553676711e-01 -8.412404086052738261e-01 -8.342359804143578694e-01 -8.331181112179214532e-01 -8.322932788043100327e-01 -8.381713871641488511e-01 -8.347559864618316894e-01 -8.358861957561983802e-01
8.800000000000000711e+00 -7.887574007971660528e-01 -8.509800909531654023e-01 -7.664009649808354308e-01 -8.412283854874920141e-01 -8.218955431762393626e-01 -8.221256157328328262e-01 -8.204428805530844526e-01 -8.203471425233647141e-01 -8.205571717348305594e-01
8.900000000000000355e+00 -8.057154547977911641e-01 -7.097778181528781039e-01 -7.472579015891683829e-01 -8.019471632503759606e-01 -8.134475395394370478e-01 -8.068851325113871598e-01 -8.060119243790446752e-01 -8.082749198290741788e-01 -8.054947321649381653e-01
9.000000000000000000e+00 -9.590164481442615685e-01 -7.948132417261714044e-01 -8.072363834005440442e-01 -7.833643240897486537e-01 -7.935574002537076899e-01 -7.916982048087986001e-01 -7.892524573971297919e-01 -7.976922019316226020e-01 -7.919484935698619665e-01
9.099999999999999645e+00 -5.473666204924323431e-01 -8.529318044650538999e-01 -7.419505595820810040e-01 -7.814031142048983858e-01 -7.883417720516544547e-01 -7.916870968241511708e-01 -7.864997044776225188e-01 -7.818878577024114263e-01 -7.801373878378267124e-01
9.200000000000001066e+00 -5.362977256821001015e-01 -7.712415274062466297e-01 -8.128940675758726808e-01 -7.630053529876090757e-01 -7.773612956940735286e-01 -7.763094454185247573e-01 -7.707412446037174014e-01 -7.711038127040010792e-01 -7.717858874929022228e-01
9.300000000000000711e+00 -6.890632128331404260e-01 -8.080992600453400510e-01 -7.875218466890728797e-01 -7.726959899659403552e-01 -7.464314682957184921e-01 -7.661092563454644511e-01 -7.618959726055524184e-01 -7.643502225328077104e-01 -7.671903876643465514e-01
9.400000000000000355e+00 -8.081474058329164434e-01 -7.959681903157111993e-01 -7.984094014566394115e-01 -7.873461488577180312e-01 -7.708155767907165501e-01 -7.552264861173356714e-01 -7.620342500260707252e-01 -7.611923070052206697e-01 -7.612642162544751567e-01
9.500000000000000000e+00 -9.095355232677854174e-01 -8.103832776539590110e-01 -8.141175352630640738e-01 -7.867355831086780826e-01 -7.521447101177956007e-01 -7.594183822517849292e-01 -7.570432442064237710e-01 -7.563632749965942814e-01 -7.586839672447950322e-01
9.600000000000001421e+00 -9.152183291463933390e-01 -7.296243698320387105e-01 -8.766728593804267167e-01 -8.008833488249429422e-01 -7.558867354647594849e-01 -7.503668759508363983e-01 -7.529519238021683547e-01 -7.596835772682805077e-01 -7.583435452129100307e-01
9.700000000000001066e+00 -6.839703843791788973e-01 -8.416882775041898412e-01 -7.251058274269006620e-01 -7.396950645175665029e-01 -7.575196768857594964e-01 -7.523279679860320757e-01 -7.627854009267720503e-01 -7.619207860920561570e-01 -7.592841927994066209e-01
9.800000000000000711e+00 -7.339954025617270172e-01 -8.170659184627018234e-01 -7.632636647247696970e-01 -7.191928216416428876e-01 -7.760226617469595523e-01 -7.592851677958644130e-01 -7.634335259300528698e-01 -7.619551677140536938e-01 -7.657690346740509968e-01
9.900000000000000355e+00 -9.992822393273373960e-01 -7.529926649064007105e-01 -7.498367388954477741e-01 -7.660219630885486408e-01 -7.820093683412279173e-01 -7.684557391497965906e-01 -7.780325969877622816e-01 -7.727073776069278699e-01 -7.722067878896841098e-01
1.000000000000000000e+01 -6.158334508673911634e-01 -7.773892779321557311e-01 -7.678178190679190163e-01 -7.550680505725959613e-01 -7.781586371677376990e-01 -7.773962813525031601e-01 -7.808603365000221785e-01 -7.852501577969397406e-01 -7.814143047126356212e-01
